0.219037828947
0.254235197368
0.255180921053
0.270929276316
0.277713815789
0.291940789474
0.297286184211
0.306661184211
0.316899671053
0.321422697368
0.333429276316
0.336883223684
0.350123355263
0.354934210526
0.364597039474
0.371011513158
0.377220394737
0.385197368421
0.387376644737
0.398108552632
0.398766447368
0.407853618421
0.412335526316
0.417845394737
0.419901315789
0.424876644737
0.429399671053
0.434292763158
0.436965460526
0.437376644737
0.444161184211
0.443996710526
0.451110197368
0.455016447368
0.455633223684
0.461101973684
0.463075657895
0.465131578947
0.469161184211
0.471916118421
0.471175986842
0.474794407895
0.476274671053
0.480304276316
0.481866776316
0.483347039474
0.483758223684
0.484786184211
0.489884868421
0.492804276316
0.493462171053
0.498684210526
0.495189144737
0.502179276316
0.496875
0.502097039474
0.506126644737
0.509786184211
0.504605263158
0.508963815789
0.508922697368
0.511842105263
0.511800986842
0.512911184211
0.514391447368
0.520600328947
0.520559210526
0.521011513158
0.517763157895
0.523519736842
0.521710526316
0.522368421053
0.524712171053
0.529029605263
0.528083881579
0.530509868421
0.525123355263
0.534580592105
0.531620065789
0.534087171053
0.533429276316
0.536430921053
0.541324013158
0.537541118421
0.539144736842
0.543133223684
0.542804276316
0.541036184211
0.540625
0.545929276316
0.545435855263
0.54609375
0.546052631579
0.547327302632
0.551069078947
0.549712171053
0.554070723684
0.552097039474
0.555180921053
0.555633223684
0.553700657895
0.554029605263
0.557401315789
0.558100328947
0.558881578947
0.557565789474
0.560444078947
0.559416118421
0.55859375
0.558963815789
0.562705592105
0.562952302632
0.563856907895
0.565254934211
0.566447368421
0.566200657895
0.567516447368
0.566981907895
0.562417763158
0.56875
0.569078947368
0.573190789474
0.572409539474
0.572615131579
0.573930921053
0.57265625
0.57265625
0.572779605263
0.572450657895
0.575575657895
0.575287828947
0.574588815789
0.577014802632
0.576398026316
0.575534539474
0.584087171053
0.581702302632
0.583264802632
0.579152960526
0.582524671053
0.584169407895
0.578618421053
0.586348684211
0.585526315789
0.583223684211
0.589350328947
0.586348684211
0.587952302632
0.587253289474
0.588363486842
0.591077302632
0.589391447368
0.588034539474
0.590625
0.589473684211
0.587787828947
0.591200657895
0.594654605263
0.592927631579
0.592475328947
0.592845394737
0.597080592105
0.598026315789
0.595148026316
0.595189144737
0.594860197368
0.600041118421
0.596792763158
0.598766447368
0.59765625
0.600657894737
0.597820723684
0.600452302632
0.600822368421
0.601356907895
0.604152960526
0.603947368421
0.602796052632
0.602713815789
0.601315789474
0.599547697368
0.601521381579
0.604029605263
0.607730263158
0.606167763158
0.603577302632
0.607442434211
0.606578947368
0.61484375
0.608634868421
0.611266447368
0.609046052632
0.610731907895
0.61328125
0.611965460526
0.613774671053
0.615748355263
0.613898026316
0.611554276316
0.612993421053
0.613610197368
0.616200657895
0.612952302632
0.616447368421
0.614967105263
0.619490131579
0.614391447368
0.614309210526
0.615460526316
0.619407894737
0.614638157895
0.617434210526
0.620723684211
0.617598684211
0.620641447368
0.622203947368
0.620065789474
0.620230263158
0.621587171053
0.623314144737
0.619901315789
0.625945723684
0.624136513158
0.623930921053
0.627878289474
0.623807565789
0.624013157895
0.623026315789
0.625164473684
0.627878289474
0.627467105263
0.630797697368
0.631126644737
0.627508223684
0.628207236842
0.625699013158
0.629728618421
0.624095394737
0.63359375
0.633552631579
0.630715460526
0.630797697368
0.634251644737
0.629728618421
0.633059210526
0.635320723684
0.631332236842
0.629934210526
0.635855263158
0.632154605263
0.634827302632
0.635855263158
0.637541118421
0.634046052632
0.633675986842
0.635567434211
0.636800986842
0.637376644737
0.639391447368
0.636800986842
0.637870065789
0.638363486842
0.641200657895
0.639925986842
0.640912828947
0.640583881579
0.640460526316
0.6390625
0.642023026316
0.637705592105
0.644942434211
0.641652960526
0.637664473684
0.644736842105
0.643585526316
0.644777960526
0.643256578947
0.648067434211
0.646916118421
0.645929276316
0.641981907895
0.646710526316
0.647450657895
0.644078947368
0.643626644737
0.647615131579
0.647039473684
0.648519736842
0.650041118421
0.646546052632
0.650041118421
0.648972039474
0.652467105263
0.648684210526
0.648231907895
0.650287828947
0.652179276316
0.649506578947
0.654029605263
0.651973684211
0.652384868421
0.653330592105
0.653865131579
0.650328947368
0.654481907895
0.652179276316
0.655674342105
0.652467105263
0.656743421053
0.654851973684
0.655304276316
0.655427631579
0.653659539474
0.653947368421
0.658305921053
0.658552631579
0.658429276316
0.654893092105
0.659251644737
0.659539473684
0.661389802632
0.662582236842
0.658511513158
0.660649671053
0.659333881579
0.660361842105
0.662458881579
0.659416118421
0.662047697368
0.661225328947
0.66484375
0.657195723684
0.660690789474
0.663322368421
0.662787828947
0.661143092105
0.6625
0.667845394737
0.663733552632
0.662705592105
0.664514802632
0.664350328947
0.663240131579
0.664720394737
0.670024671053
0.664679276316
0.662911184211
0.669284539474
0.669819078947
0.666529605263
0.668544407895
0.671258223684
0.666324013158
0.667639802632
0.6734375
0.668585526316
0.667516447368
0.671217105263
0.669407894737
0.671258223684
0.669777960526
0.674506578947
0.66640625
0.668338815789
0.670847039474
0.671299342105
0.673889802632
0.674054276316
0.673930921053
0.674054276316
0.673930921053
0.674465460526
0.672532894737
0.677960526316
0.673848684211
0.670970394737
0.67578125
0.676151315789
0.673314144737
0.675699013158
0.676809210526
0.679029605263
0.679440789474
0.677302631579
0.675986842105
0.675822368421
0.680386513158
0.678536184211
0.677919407895
0.675246710526
0.678741776316
0.677713815789
0.679070723684
0.679851973684
0.678865131579
0.681373355263
0.682072368421
0.679440789474
0.678248355263
0.681085526316
0.678782894737
0.680879934211
0.684786184211
0.684950657895
0.682442434211
0.681784539474
0.685197368421
0.678289473684
0.685115131579
0.684950657895
0.681373355263
0.685279605263
0.685567434211
0.6859375
0.682483552632
0.687294407895
0.686060855263
0.690213815789
0.679152960526
0.687582236842
0.683018092105
0.685444078947
0.690789473684
0.687952302632
0.690008223684
0.68828125
0.686800986842
0.690337171053
0.692434210526
0.689185855263
0.690830592105
0.689391447368
0.690707236842
0.694983552632
0.689021381579
0.693708881579
0.693215460526
0.691365131579
0.688692434211
0.694490131579
0.691447368421
0.690583881579
0.695641447368
0.695394736842
0.693667763158
0.693133223684
0.692434210526
0.693503289474
0.692434210526
0.693832236842
0.693708881579
0.697162828947
0.692927631579
0.698684210526
0.696669407895
0.696011513158
0.698190789474
0.693133223684
0.69921875
0.694777960526
0.701973684211
0.698930921053
0.697944078947
0.699506578947
0.702220394737
0.699013157895
0.697409539474
0.694983552632
0.699013157895
0.698355263158
0.696998355263
0.697450657895
0.702425986842
0.700986842105
0.702590460526
0.701315789474
0.704029605263
0.699177631579
0.702097039474
0.704235197368
0.703412828947
0.701398026316
0.702179276316
0.706003289474
0.702425986842
0.704276315789
0.705386513158
0.701521381579
0.70078125
0.702631578947
0.703042763158
0.703289473684
0.703824013158
0.705756578947
0.707771381579
0.705180921053
0.704029605263
0.706990131579
0.705222039474
0.706578947368
0.705633223684
0.706702302632
0.709580592105
0.708922697368
0.705550986842
0.707565789474
0.709004934211
0.707565789474
0.707771381579
0.707236842105
0.708470394737
0.708922697368
0.711060855263
0.7125
0.711019736842
0.710814144737
0.708141447368
0.712582236842
0.708922697368
0.714103618421
0.707689144737
0.709251644737
0.714597039474
0.713363486842
0.712952302632
0.713856907895
0.711924342105
0.713363486842
0.711924342105
0.711348684211
0.713404605263
0.714884868421
0.716118421053
0.714268092105
0.712458881579
0.712787828947
0.711472039474
0.714597039474
0.71328125
0.710814144737
0.718667763158
0.71640625
0.715090460526
0.716735197368
0.716282894737
0.716241776316
0.719120065789
0.717763157895
0.718297697368
0.718050986842
0.720106907895
0.716241776316
0.717146381579
0.720476973684
0.715625
0.718544407895
0.718832236842
0.719695723684
0.720682565789
0.717434210526
0.716776315789
0.720559210526
0.722409539474
0.722039473684
0.7234375
0.719284539474
0.720518092105
0.71875
0.72421875
0.722121710526
0.720353618421
0.720024671053
0.723108552632
0.718832236842
0.722039473684
0.723067434211
0.725328947368
0.720723684211
0.72421875
0.722615131579
0.721875
0.728495065789
0.723889802632
0.725986842105
0.726069078947
0.724794407895
0.727549342105
0.723930921053
0.721052631579
0.726315789474
0.72734375
0.724342105263
0.725616776316
0.727302631579
0.725328947368
0.725904605263
0.730057565789
0.726233552632
0.726644736842
0.729235197368
