1.97608373542
1.80393984694
1.79006383419
1.77865475228
1.76238252175
1.74838149736
1.7348484993
1.71820775019
1.70372087705
1.69494097672
1.67775596317
1.66698146557
1.65158097368
1.63594274584
1.62103014557
1.60654586805
1.59338445789
1.57488321944
1.57371905101
1.55548545812
1.54937587412
1.53236200559
1.52426463867
1.51526519248
1.50412609326
1.49567629664
1.48709924911
1.47818230955
1.46975124384
1.46736338076
1.45490692791
1.44505049178
1.43908698245
1.42753388254
1.42410722971
1.4164560845
1.41099391799
1.40376996618
1.39682575088
1.38471362779
1.38568877421
1.38277725232
1.37681836329
1.36902311727
1.36443138499
1.35376213601
1.35477424107
1.34686282246
1.34325860111
1.34113896709
1.33536056782
1.3250090919
1.32941065901
1.31348671599
1.31995750477
1.31194049685
1.30378046726
1.30074864814
1.29621094465
1.29618398704
1.29738774739
1.29357086797
1.28502954433
1.28572010994
1.27789340019
1.27223831729
1.26768725358
1.26921629341
1.26917081507
1.26096452224
1.25611417043
1.25860757389
1.25315284102
1.24588178522
1.24526819053
1.23900314695
1.24303760654
1.23789135782
1.24119200895
1.22840706988
1.23191540367
1.22262490549
1.22472403834
1.22117729752
1.21986260602
1.21027509256
1.2120546319
1.20450137414
1.20715574654
1.1974632533
1.20977957562
1.20255356713
1.19546420982
1.19134894484
1.19034595301
1.19072502851
1.18609830894
1.18965499432
1.17935906053
1.17908793845
1.1844118272
1.1771874776
1.17667668242
1.16725384154
1.16822017965
1.16771668855
1.16526555795
1.16452885396
1.16301388584
1.16821397135
1.16089392273
1.15744118032
1.15460766711
1.15355801708
1.1465773115
1.153229939
1.14870111754
1.14283967112
1.14945063622
1.13936290051
1.1374965972
1.137254528
1.13016788646
1.12602032015
1.12527215638
1.13253402177
1.12915666605
1.12899562528
1.12523257921
1.12227606115
1.12476680812
1.12536447362
1.12261302001
1.12057707592
1.11878038864
1.11120262083
1.11118820843
1.10834554308
1.10831223193
1.10756504943
1.10243257817
1.10909378905
1.10253542975
1.1020975618
1.10459382032
1.09667446519
1.09609297545
1.09070139716
1.09204378065
1.08996261829
1.09422653066
1.09074244029
1.08986267824
1.0884526168
1.08612612329
1.08470727111
1.08306743879
1.07602522342
1.08232172979
1.07426927843
1.0796425672
1.06912108848
1.0713326564
1.07027799362
1.07387916791
1.07020153686
1.06614348386
1.06924677083
1.07156049892
1.06628045377
1.06357849617
1.06274802308
1.06332231289
1.05486419828
1.06000991809
1.05369395206
1.05294764763
1.05197717547
1.05031461841
1.06071388188
1.05454715333
1.05393874582
1.05034349623
1.04841134642
1.04910524707
1.04285633439
1.04299871294
1.04055082422
1.03651669182
1.03733797701
1.03442907082
1.0397574911
1.03811282829
1.03198770755
1.03587432347
1.02817933591
1.02777838676
1.03067686715
1.03078295871
1.02568147622
1.02798821926
1.02821080528
1.0219441166
1.0261043925
1.0232475218
1.02066601766
1.02379847263
1.01813129155
1.01734993646
1.01583978534
1.0175416137
1.01388229979
1.0066158326
1.00977683601
1.01225296039
1.00306226015
1.00828885781
1.00557096632
1.0099732835
1.00358397521
1.00741645725
0.998259829534
1.00385736792
1.00166655434
0.998500670257
0.996572878486
0.999905890854
0.999070976282
0.99629167883
0.993385682922
0.992758262157
0.98177309695
0.989194366493
0.995216121172
0.992412688544
0.988847774267
0.983011594258
0.993229451932
0.981356885559
0.980716910801
0.983840849211
0.980948711383
0.981341572498
0.980778473616
0.979618586051
0.977325773553
0.972926259041
0.982663713631
0.972302670228
0.979143613577
0.978166534712
0.970345029705
0.969456343902
0.971979456826
0.971038578686
0.967984099137
0.96930445966
0.972348227626
0.957920849323
0.967937164244
0.968148502864
0.965712743998
0.959019105058
0.963002895995
0.960914260149
0.95779426192
0.957582511714
0.958307184357
0.957273039692
0.957060383496
0.953609584193
0.954695179588
0.958600231535
0.953312220699
0.952030533866
0.948793323103
0.952486972119
0.947525782962
0.947071280291
0.946754033315
0.948076940838
0.947363665229
0.944224587553
0.944144867282
0.949304781776
0.939305880823
0.943114203528
0.93535202522
0.936014338857
0.938531221528
0.937509602308
0.932995756676
0.935409134313
0.934436140249
0.937426137297
0.934580174873
0.92844334778
0.927785798437
0.924962646083
0.930991577161
0.929827232737
0.9273884836
0.927075882021
0.923950824612
0.917489193615
0.926164104437
0.921650537378
0.927330908336
0.921674665966
0.9160128057
0.917449101335
0.916454735241
0.918598984417
0.919595761989
0.921737835595
0.914474249514
0.907659809213
0.915110910253
0.912174774157
0.909085813949
0.906164051671
0.904882733445
0.913810542696
0.908643999225
0.911961400509
0.905511696401
0.90486554378
0.905854651802
0.904070381742
0.903230186513
0.89673247651
0.905989509507
0.903388951013
0.904786607153
0.896666535892
0.899893642413
0.895844321188
0.897010593665
0.899283249441
0.895134597076
0.894330664371
0.895851110471
0.897901652048
0.892383822642
0.889407467215
0.892015091369
0.895855336127
0.88908629888
0.884210199745
0.889367000994
0.890790480689
0.880332530486
0.887341473918
0.886757730183
0.884560239942
0.88089321789
0.881659089892
0.88212440704
0.881217244424
0.878688094177
0.879920713839
0.876508572227
0.882811872269
0.882734283334
0.87744692313
0.873830661021
0.877199386923
0.873731014289
0.86851473137
0.866989319575
0.870203744424
0.875206681615
0.873418295697
0.865819515994
0.864295282176
0.875724909494
0.863614797278
0.866624990262
0.870445088964
0.868849576147
0.865379479371
0.862569644577
0.857918611012
0.857853798804
0.867064899834
0.863155710383
0.85651217354
0.861706763506
0.856311938637
0.859825275133
0.858245453709
0.856486197522
0.857041725359
0.859886356718
0.855497237569
0.85114046994
0.855838527491
0.853704980486
0.852605019118
0.854399534589
0.851120087661
0.849780474211
0.846960357616
0.847016578285
0.850458753736
0.848065189939
0.848223878208
0.853346313615
0.847583305208
0.846903565369
0.849844958908
0.845278861021
0.843534064607
0.839145679223
0.844757841449
0.839789965592
0.84242629252
0.834765387523
0.847515338346
0.837592082902
0.836957338609
0.841236035447
0.834232734065
0.83281392361
0.833533984736
0.83390317873
0.840272891521
0.834498741752
0.827065701234
0.831874325401
0.824423989497
0.835626516844
0.820005464554
0.823525857925
0.825737495799
0.821596426399
0.818225384386
0.826513607878
0.832658014172
0.818036019802
0.825046169758
0.827392776075
0.816029370772
0.823097118578
0.821921742276
0.818071451313
0.827299282112
0.821112591028
0.820467444784
0.816607687662
0.819335142562
0.814852346245
0.817973904233
0.816210743314
0.814829422298
0.811633324937
0.806766047917
0.815202825634
0.814037401739
0.821339621042
0.805664561297
0.809658124886
0.808040553959
0.809645114133
0.808605667478
0.802896472341
0.810571730451
0.814952027798
0.809265510032
0.810901123285
0.807241201087
0.807697161248
0.795710441
0.80845877685
0.797489984726
0.798084920645
0.79965605077
0.802706827302
0.802190121538
0.797852945641
0.797677478351
0.801707070438
0.801031780243
0.794411387569
0.796103018836
0.793695758518
0.794524316411
0.796327921591
0.804815962126
0.787576031685
0.795351516887
0.797553590411
0.792155365881
0.791472946343
0.790480604925
0.786670781437
0.788028919383
0.787609535769
0.786130823901
0.784552494789
0.785125263114
0.784599066408
0.785181449589
0.786601640676
0.79011162394
0.782826855622
0.778556330894
0.783666232071
0.785695769912
0.782916708369
0.77746027959
0.780317773003
0.782422415834
0.7806425813
0.779259856437
0.781281333534
0.7782106616
0.769901686907
0.772724946863
0.775011492089
0.778892374039
0.783979590943
0.771834791334
0.777324519659
0.77615296025
0.770222812577
0.770745104238
0.767032040734
0.776497242325
0.764970954155
0.773691541898
0.768446118581
0.766812753364
0.763533077428
0.770493497033
0.771159399811
0.76411130742
0.763220201668
0.767219183633
0.767561199791
0.756357255107
0.767246225006
0.765142566593
0.756501701317
0.762880981596
0.760472509422
0.758612742236
0.753281873151
0.763361589532
0.755868239152
0.754692648273
0.761083875204
0.758957556361
0.751405810055
0.76433986896
0.753237575293
0.750554008547
0.754301552082
0.753491168901
0.753210016928
0.757008932766
0.752058283279
0.749717673032
0.75216464965
0.749867244771
0.756708002404
0.751014592773
0.749871013666
0.740045211503
0.746308759953
0.75221641346
0.750551617146
0.740287894324
0.753967176927
0.746234443313
0.750417242552
0.744360093067
0.74751955208
0.740861868545
0.74531189266
0.743651515873
0.737895801507
0.747387545046
0.740915566997
0.739010365699
0.74166394127
0.736105922962
0.741082116805
0.74680162229
0.736989734988
0.740520008928
0.739719341931
0.736015183988
0.736711286871
0.737496573674
0.742446507592
0.727071472218
0.735377232966
0.734895180087
0.735198487734
